batch_size: 77
epochs: 30
img_size: 54
init_lr: 1.200423418390309
model_name: shufflenet_v2_x0_5
n_select: 0
pretrained: true
val_ratio: 0.2453342859826532
