batch_size: 85
epochs: 30
img_size: 42
init_lr: 1.8378215926247672
model_name: shufflenet_v2_x0_5
n_select: 0
pretrained: true
val_ratio: 0.28286062466489637
